<?xml version="1.0" encoding="utf-8"?>
<COLLADA xmlns="http://www.collada.org/2005/11/COLLADASchema" version="1.4.1">
  <asset>
    <contributor>
      <author>Mixamo</author>
      <authoring_tool>COLLADA Mixamo exporter</authoring_tool>
      <comments/>
    </contributor>
    <created>2024-03-11T20:29:26Z</created>
    <modified>2024-03-11T20:29:26Z</modified>
    <revision/>
    <title/>
    <unit meter="0.010000"/>
    <up_axis>Y_UP</up_axis>
  </asset>
  <library_animations>
    <animation id="mixamorig_Hips-anim" name="mixamorig_Hips">
      <source id="mixamorig_Hips-Matrix-animation-input">
        <float_array id="mixamorig_Hips-Matrix-animation-input-array" count="32">

0.000000 0.033333 0.066667 0.100000 0.133333 0.166667 0.200000 0.233333 0.266667 0.300000 0.333333 0.366667 0.400000 0.433333 0.466667 0.500000
0.533333 0.566667 0.600000 0.633333 0.666667 0.700000 0.733333 0.766667 0.800000 0.833333 0.866667 0.900000 0.933333 0.966667 1.000000 1.033333</float_array>
        <technique_common>
          <accessor source="#mixamorig_Hips-Matrix-animation-input-array" count="32">
            <param name="TIME" type="float"/>
          </accessor>
        </technique_common>
      </source>
      <source id="mixamorig_Hips-Matrix-animation-output-transform">
        <float_array id="mixamorig_Hips-Matrix-animation-output-transform-array" count="512">

0.839746 0.019616 -0.542625 -2.453101 -0.081235 0.992638 -0.089833 69.357262 0.536868 0.119518 0.835158 3.327442 0.000000 0.000000 0.000000 1.000000
0.842466 0.020366 -0.538364 -2.497645 -0.080504 0.992825 -0.088420 69.433525 0.532701 0.117831 0.838061 3.296683 0.000000 0.000000 0.000000 1.000000
0.847719 0.018098 -0.530137 -2.534545 -0.081913 0.991896 -0.097123 69.270927 0.524083 0.125758 0.842331 3.163391 0.000000 0.000000 0.000000 1.000000
0.853557 0.015492 -0.520769 -2.565098 -0.084398 0.990467 -0.108867 68.796982 0.514118 0.136876 0.846728 2.987087 0.000000 0.000000 0.000000 1.000000
0.861174 0.016648 -0.508038 -2.589799 -0.089335 0.988864 -0.119027 67.945786 0.500399 0.147888 0.853071 2.741914 0.000000 0.000000 0.000000 1.000000
0.872221 0.022954 -0.488572 -2.609063 -0.095524 0.987657 -0.124131 66.735054 0.479693 0.154940 0.863648 2.410330 0.000000 0.000000 0.000000 1.000000
0.885299 0.029125 -0.464110 -2.620519 -0.098795 0.987033 -0.126512 65.247177 0.454407 0.157852 0.876696 2.032082 0.000000 0.000000 0.000000 1.000000
0.894005 0.026123 -0.447294 -2.623724 -0.095204 0.986578 -0.132665 63.624855 0.437825 0.161188 0.884493 1.704127 0.000000 0.000000 0.000000 1.000000
0.889061 0.008716 -0.457705 -2.616266 -0.085335 0.985450 -0.146992 62.078835 0.449764 0.169744 0.876869 1.508986 0.000000 0.000000 0.000000 1.000000
0.861133 -0.020356 -0.507972 -2.575767 -0.075718 0.982918 -0.167749 60.828678 0.502709 0.182916 0.844882 1.458995 0.000000 0.000000 0.000000 1.000000
0.803520 -0.053340 -0.592883 -2.452356 -0.073715 0.979395 -0.188018 59.985016 0.590696 0.194781 0.783032 1.532109 0.000000 0.000000 0.000000 1.000000
0.717648 -0.082944 -0.691449 -2.202565 -0.080946 0.976217 -0.201117 59.498711 0.691686 0.200302 0.693866 1.723626 0.000000 0.000000 0.000000 1.000000
0.618926 -0.103969 -0.778538 -1.848406 -0.095027 0.974008 -0.205618 59.236153 0.779680 0.201244 0.592959 2.008973 0.000000 0.000000 0.000000 1.000000
0.534286 -0.111629 -0.837900 -1.489448 -0.115694 0.972257 -0.203301 59.094700 0.837349 0.205560 0.506549 2.300475 0.000000 0.000000 0.000000 1.000000
0.485139 -0.103123 -0.868335 -1.234527 -0.143457 0.970181 -0.195368 59.036053 0.862589 0.219349 0.455879 2.528796 0.000000 0.000000 0.000000 1.000000
0.468426 -0.083711 -0.879528 -1.136468 -0.172689 0.967625 -0.184068 59.059727 0.866462 0.238107 0.438804 2.746861 0.000000 0.000000 0.000000 1.000000
0.460246 -0.067444 -0.885226 -1.209789 -0.190490 0.966385 -0.172667 59.210598 0.867114 0.248096 0.431927 3.057884 0.000000 0.000000 0.000000 1.000000
0.443129 -0.065295 -0.894077 -1.433541 -0.187042 0.968659 -0.163445 59.604271 0.876728 0.239657 0.417028 3.456956 0.000000 0.000000 0.000000 1.000000
0.427256 -0.073410 -0.901146 -1.746680 -0.165753 0.973446 -0.157887 60.318321 0.888807 0.216826 0.403743 3.812923 0.000000 0.000000 0.000000 1.000000
0.438463 -0.078177 -0.895343 -2.059861 -0.139434 0.978231 -0.153697 61.330807 0.887867 0.192232 0.418018 3.999483 0.000000 0.000000 0.000000 1.000000
0.485121 -0.072721 -0.871418 -2.295129 -0.118392 0.981898 -0.147850 62.540421 0.866396 0.174894 0.467729 3.989667 0.000000 0.000000 0.000000 1.000000
0.547979 -0.063584 -0.834072 -2.465465 -0.104095 0.984173 -0.143416 63.755501 0.829990 0.165412 0.532687 3.842784 0.000000 0.000000 0.000000 1.000000
0.604693 -0.059466 -0.794235 -2.618665 -0.093389 0.985036 -0.144854 64.830185 0.790964 0.161765 0.590091 3.661377 0.000000 0.000000 0.000000 1.000000
0.651967 -0.059269 -0.755927 -2.740311 -0.085589 0.984816 -0.151033 65.742905 0.753401 0.163168 0.636995 3.510689 0.000000 0.000000 0.000000 1.000000
0.699738 -0.054677 -0.712304 -2.762079 -0.082535 0.984203 -0.156628 66.532417 0.709616 0.168388 0.684171 3.384611 0.000000 0.000000 0.000000 1.000000
0.752442 -0.040952 -0.657384 -2.657640 -0.084534 0.983807 -0.158045 67.180428 0.653211 0.174491 0.736796 3.248346 0.000000 0.000000 0.000000 1.000000
0.801636 -0.021577 -0.597422 -2.487878 -0.089421 0.983777 -0.155519 67.688744 0.591086 0.178092 0.786702 3.092258 0.000000 0.000000 0.000000 1.000000
0.824732 -0.006010 -0.565492 -2.381634 -0.093530 0.984724 -0.146872 68.162735 0.557737 0.174020 0.811571 2.931283 0.000000 0.000000 0.000000 1.000000
0.836822 0.006469 -0.547436 -2.327391 -0.096146 0.986126 -0.135317 68.582230 0.538966 0.165870 0.825835 2.904141 0.000000 0.000000 0.000000 1.000000
0.842663 0.014354 -0.538249 -2.331461 -0.094060 0.988198 -0.120903 68.923065 0.530161 0.152508 0.834068 3.027843 0.000000 0.000000 0.000000 1.000000
0.841085 0.017490 -0.540620 -2.391842 -0.086880 0.990868 -0.103111 69.167984 0.533879 0.133694 0.834924 3.212398 0.000000 0.000000 0.000000 1.000000
0.839746 0.019616 -0.542625 -2.453101 -0.081235 0.992638 -0.089833 69.357262 0.536868 0.119518 0.835158 3.327442 0.000000 0.000000 0.000000 1.000000</float_array>
        <technique_common>
          <accessor source="#mixamorig_Hips-Matrix-animation-output-transform-array" count="32" stride="16">
            <param type="float4x4"/>
          </accessor>
        </technique_common>
      </source>
      <source id="mixamorig_Hips-Interpolations">
        <Name_array id="mixamorig_Hips-Interpolations-array" count="32">
 LINEAR LINEAR LINEAR LINEAR LINEAR LINEAR LINEAR LINEAR LINEAR LINEAR LINEAR
LINEAR LINEAR LINEAR LINEAR LINEAR LINEAR LINEAR LINEAR LINEAR LINEAR LINEAR LINEAR
LINEAR LINEAR LINEAR LINEAR LINEAR LINEAR LINEAR LINEAR LINEAR</Name_array>
        <technique_common>
          <accessor source="#mixamorig_Hips-Interpolations-array" count="32">
            <param type="name"/>
          </accessor>
        </technique_common>
      </source>
      <sampler id="mixamorig_Hips-Matrix-animation-transform">
        <input semantic="INPUT" source="#mixamorig_Hips-Matrix-animation-input"/>
        <input semantic="OUTPUT" source="#mixamorig_Hips-Matrix-animation-output-transform"/>
        <input semantic="INTERPOLATION" source="#mixamorig_Hips-Interpolations"/>
      </sampler>
      <channel source="#mixamorig_Hips-Matrix-animation-transform" target="mixamorig_Hips/matrix"/>
    </animation>
    <animation id="mixamorig_Spine-anim" name="mixamorig_Spine">
      <source id="mixamorig_Spine-Matrix-animation-input">
        <float_array id="mixamorig_Spine-Matrix-animation-input-array" count="32">

0.000000 0.033333 0.066667 0.100000 0.133333 0.166667 0.200000 0.233333 0.266667 0.300000 0.333333 0.366667 0.400000 0.433333 0.466667 0.500000
0.533333 0.566667 0.600000 0.633333 0.666667 0.700000 0.733333 0.766667 0.800000 0.833333 0.866667 0.900000 0.933333 0.966667 1.000000 1.033333</float_array>
        <technique_common>
          <accessor source="#mixamorig_Spine-Matrix-animation-input-array" count="32">
            <param name="TIME" type="float"/>
          </accessor>
        </technique_common>
      </source>
      <source id="mixamorig_Spine-Matrix-animation-output-transform">
        <float_array id="mixamorig_Spine-Matrix-animation-output-transform-array" count="512">

0.997696 -0.053327 0.041936 0.000000 0.054180 0.998341 -0.019479 8.999600 -0.040828 0.021706 0.998930 -0.061600 0.000000 0.000000 0.000000 1.000000
0.997819 -0.051266 0.041584 0.000000 0.052068 0.998473 -0.018441 8.999600 -0.040575 0.020566 0.998965 -0.061600 0.000000 0.000000 0.000000 1.000000
0.997982 -0.048450 0.041038 -0.000000 0.049148 0.998661 -0.016162 8.999600 -0.040200 0.018146 0.999027 -0.061600 0.000000 0.000000 0.000000 1.000000
0.998145 -0.045503 0.040459 0.000000 0.046178 0.998807 -0.015902 8.999600 -0.039687 0.017741 0.999055 -0.061600 0.000000 0.000000 0.000000 1.000000
0.998203 -0.043899 0.040798 -0.000000 0.044654 0.998844 -0.017776 8.999600 -0.039970 0.019566 0.999009 -0.061600 0.000000 0.000000 0.000000 1.000000
0.998162 -0.042844 0.042853 0.000000 0.043759 0.998829 -0.020637 8.999600 -0.041919 0.022474 0.998868 -0.061600 0.000000 0.000000 0.000000 1.000000
0.997978 -0.042399 0.047357 0.000000 0.043570 0.998763 -0.023970 8.999600 -0.046282 0.025985 0.998590 -0.061600 0.000000 0.000000 0.000000 1.000000
0.997562 -0.042432 0.055399 0.000000 0.043963 0.998676 -0.026714 8.999600 -0.054193 0.029085 0.998107 -0.061600 0.000000 0.000000 0.000000 1.000000
0.996854 -0.041824 0.067323 -0.000000 0.043764 0.998661 -0.027599 8.999600 -0.066079 0.030458 0.997349 -0.061600 0.000000 0.000000 0.000000 1.000000
0.995942 -0.040054 0.080591 0.000000 0.042365 0.998733 -0.027176 8.999600 -0.079400 0.030480 0.996377 -0.061600 0.000000 0.000000 0.000000 1.000000
0.995237 -0.036102 0.090559 0.000000 0.038683 0.998889 -0.026905 8.999600 -0.089487 0.030280 0.995528 -0.061600 0.000000 0.000000 0.000000 1.000000
0.995109 -0.031007 0.093788 0.000000 0.033725 0.999052 -0.027544 8.999600 -0.092845 0.030573 0.995211 -0.061600 0.000000 0.000000 0.000000 1.000000
0.995585 -0.029307 0.089170 0.000000 0.031908 0.999102 -0.027879 8.999600 -0.088272 0.030601 0.995626 -0.061600 0.000000 0.000000 0.000000 1.000000
0.996500 -0.035885 0.075504 0.000000 0.037949 0.998939 -0.026082 8.999600 -0.074488 0.028856 0.996804 -0.061600 0.000000 0.000000 0.000000 1.000000
0.997434 -0.049975 0.051263 0.000000 0.051209 0.998422 -0.023041 8.999600 -0.050031 0.025607 0.998419 -0.061600 0.000000 0.000000 0.000000 1.000000
0.997788 -0.063515 0.019616 0.000000 0.063951 0.997701 -0.022436 8.999600 -0.018146 0.023641 0.999556 -0.061600 0.000000 0.000000 0.000000 1.000000
0.997595 -0.068749 -0.008864 0.000000 0.068506 0.997331 -0.025245 8.999600 0.010576 0.024577 0.999642 -0.061600 0.000000 0.000000 0.000000 1.000000
0.997477 -0.067189 -0.022915 0.000000 0.066549 0.997401 -0.027630 8.999600 0.024712 0.026035 0.999356 -0.061600 0.000000 0.000000 0.000000 1.000000
0.997636 -0.065864 -0.019582 -0.000000 0.065350 0.997528 -0.025828 8.999600 0.021234 0.024488 0.999475 -0.061600 0.000000 0.000000 0.000000 1.000000
0.997645 -0.068474 -0.004059 0.000000 0.068384 0.997476 -0.019101 8.999600 0.005357 0.018779 0.999809 -0.061600 0.000000 0.000000 0.000000 1.000000
0.997115 -0.074193 0.016003 0.000000 0.074344 0.997192 -0.009026 8.999600 -0.015289 0.010190 0.999831 -0.061600 0.000000 0.000000 0.000000 1.000000
0.996256 -0.079455 0.034077 -0.000000 0.079461 0.996837 0.001187 8.999600 -0.034064 0.001525 0.999418 -0.061600 0.000000 0.000000 0.000000 1.000000
0.995634 -0.080819 0.046713 0.000000 0.080529 0.996720 0.008054 8.999600 -0.047211 -0.004257 0.998876 -0.061600 0.000000 0.000000 0.000000 1.000000
0.995520 -0.077800 0.053737 0.000000 0.077339 0.996948 0.010607 8.999600 -0.054399 -0.006403 0.998499 -0.061600 0.000000 0.000000 0.000000 1.000000
0.995695 -0.073400 0.056602 -0.000000 0.072942 0.997285 0.010123 8.999600 -0.057192 -0.005950 0.998345 -0.061600 0.000000 0.000000 0.000000 1.000000
0.995872 -0.071201 0.056301 -0.000000 0.070887 0.997456 0.007557 8.999600 -0.056695 -0.003535 0.998385 -0.061600 0.000000 0.000000 0.000000 1.000000
0.996035 -0.071180 0.053362 0.000000 0.071086 0.997464 0.003652 8.999600 -0.053487 0.000156 0.998569 -0.061600 0.000000 0.000000 0.000000 1.000000
0.996258 -0.070818 0.049539 0.000000 0.070979 0.997477 -0.001510 8.999600 -0.049307 0.005021 0.998771 -0.061600 0.000000 0.000000 0.000000 1.000000
0.996526 -0.069250 0.046253 0.000000 0.069675 0.997541 -0.007627 8.999600 -0.045611 0.010823 0.998901 -0.061600 0.000000 0.000000 0.000000 1.000000
0.996971 -0.064028 0.044150 0.000000 0.064634 0.997832 -0.012427 8.999600 -0.043258 0.015243 0.998948 -0.061600 0.000000 0.000000 0.000000 1.000000
0.997423 -0.057558 0.042836 -0.000000 0.058320 0.998157 -0.016749 8.999600 -0.041793 0.019204 0.998942 -0.061600 0.000000 0.000000 0.000000 1.000000
0.997696 -0.053327 0.041936 0.000000 0.054180 0.998341 -0.019479 8.999600 -0.040828 0.021706 0.998930 -0.061600 0.000000 0.000000 0.000000 1.000000</float_array>
        <technique_common>
          <accessor source="#mixamorig_Spine-Matrix-animation-output-transform-array" count="32" stride="16">
            <param type="float4x4"/>
          </accessor>
        </technique_common>
      </source>
      <source id="mixamorig_Spine-Interpolations">
        <Name_array id="mixamorig_Spine-Interpolations-array" count="32">
 LINEAR LINEAR LINEAR LINEAR LINEAR LINEAR LINEAR LINEAR LINEAR LINEAR LINEAR
LINEAR LINEAR LINEAR LINEAR LINEAR LINEAR LINEAR LINEAR LINEAR LINEAR LINEAR LINEAR
LINEAR LINEAR LINEAR LINEAR LINEAR LINEAR LINEAR LINEAR LINEAR</Name_array>
        <technique_common>
          <accessor source="#mixamorig_Spine-Interpolations-array" count="32">
            <param type="name"/>
          </accessor>
        </technique_common>
      </source>
      <sampler id="mixamorig_Spine-Matrix-animation-transform">
        <input semantic="INPUT" source="#mixamorig_Spine-Matrix-animation-input"/>
        <input semantic="OUTPUT" source="#mixamorig_Spine-Matrix-animation-output-transform"/>
        <input semantic="INTERPOLATION" source="#mixamorig_Spine-Interpolations"/>
      </sampler>
      <channel source="#mixamorig_Spine-Matrix-animation-transform" target="mixamorig_Spine/matrix"/>
    </animation>
    <animation id="mixamorig_Spine1-anim" name="mixamorig_Spine1">
      <source id="mixamorig_Spine1-Matrix-animation-input">
        <float_array id="mixamorig_Spine1-Matrix-animation-input-array" count="32">

0.000000 0.033333 0.066667 0.100000 0.133333 0.166667 0.200000 0.233333 0.266667 0.300000 0.333333 0.366667 0.400000 0.433333 0.466667 0.500000
0.533333 0.566667 0.600000 0.633333 0.666667 0.700000 0.733333 0.766667 0.800000 0.833333 0.866667 0.900000 0.933333 0.966667 1.000000 1.033333</float_array>
        <technique_common>
          <accessor source="#mixamorig_Spine1-Matrix-animation-input-array" count="32">
            <param name="TIME" type="float"/>
          </accessor>
        </technique_common>
      </source>
      <source id="mixamorig_Spine1-Matrix-animation-output-transform">
        <float_array id="mixamorig_Spine1-Matrix-animation-output-transform-array" count="512">

0.994139 -0.043252 0.099076 0.000000 0.049899 0.996596 -0.065625 10.499500 -0.095901 0.070184 0.992914 -0.005900 0.000000 0.000000 0.000000 1.000000
0.994332 -0.040794 0.098178 0.000000 0.047186 0.996853 -0.063695 10.499500 -0.095271 0.067966 0.993128 -0.005900 0.000000 0.000000 0.000000 1.000000
0.994649 -0.036446 0.096669 0.000000 0.042391 0.997287 -0.060178 10.499500 -0.094213 0.063954 0.993496 -0.005900 0.000000 0.000000 0.000000 1.000000
0.995146 -0.030415 0.093588 0.000000 0.036089 0.997573 -0.059543 10.499500 -0.091550 0.062632 0.993829 -0.005900 0.000000 0.000000 0.000000 1.000000
0.995432 -0.025054 0.092126 0.000000 0.030965 0.997514 -0.063297 10.499500 -0.090311 0.065861 0.993734 -0.005900 0.000000 0.000000 0.000000 1.000000
0.995211 -0.020490 0.095573 0.000000 0.027326 0.997118 -0.070776 10.499500 -0.093848 0.073048 0.992903 -0.005900 0.000000 0.000000 0.000000 1.000000
0.994255 -0.015609 0.105891 0.000000 0.024140 0.996521 -0.079773 10.499500 -0.104278 0.081871 0.991173 -0.005900 0.000000 0.000000 0.000000 1.000000
0.992207 -0.008927 0.124277 -0.000000 0.019867 0.996004 -0.087069 10.499500 -0.123004 0.088860 0.988420 -0.005900 0.000000 0.000000 0.000000 1.000000
0.988658 -0.000567 0.150181 0.000000 0.014285 0.995814 -0.090283 10.499500 -0.149501 0.091405 0.984528 -0.005900 0.000000 0.000000 0.000000 1.000000
0.983939 0.006561 0.178382 -0.000000 0.009604 0.995931 -0.089606 10.499500 -0.178245 0.089880 0.979873 -0.005900 0.000000 0.000000 0.000000 1.000000
0.979701 0.010279 0.200202 -0.000000 0.007373 0.996161 -0.087227 10.499500 -0.200330 0.086933 0.975864 -0.005900 0.000000 0.000000 0.000000 1.000000
0.977714 0.009757 0.209716 0.000000 0.008498 0.996262 -0.085965 10.499500 -0.209771 0.085832 0.973976 -0.005900 0.000000 0.000000 0.000000 1.000000
0.978703 0.002751 0.205265 0.000000 0.015425 0.996098 -0.086897 10.499500 -0.204703 0.088213 0.974841 -0.005900 0.000000 0.000000 0.000000 1.000000
0.983033 -0.015382 0.182783 -0.000000 0.031963 0.995597 -0.088117 10.499500 -0.180623 0.092464 0.979196 -0.005900 0.000000 0.000000 0.000000 1.000000
0.989805 -0.045827 0.134857 -0.000000 0.058002 0.994450 -0.087783 10.499500 -0.130086 0.094710 0.986969 -0.005900 0.000000 0.000000 0.000000 1.000000
0.994662 -0.080053 0.065102 0.000000 0.085588 0.992506 -0.087214 10.499500 -0.057633 0.092320 0.994060 -0.005900 0.000000 0.000000 0.000000 1.000000
0.994421 -0.105467 -0.001769 -0.000000 0.104917 0.990692 -0.086730 10.499500 0.010900 0.086061 0.996230 -0.005900 0.000000 0.000000 0.000000 1.000000
0.992367 -0.117654 -0.036940 -0.000000 0.114262 0.989944 -0.083403 10.499500 0.046381 0.078545 0.995831 -0.005900 0.000000 0.000000 0.000000 1.000000
0.992173 -0.121053 -0.030654 0.000000 0.118421 0.990003 -0.076614 10.499500 0.039622 0.072384 0.996589 -0.005900 0.000000 0.000000 0.000000 1.000000
0.992710 -0.120324 0.006937 0.000000 0.120515 0.990317 -0.068907 10.499500 0.001421 0.069241 0.997599 -0.005900 0.000000 0.000000 0.000000 1.000000
0.991480 -0.116901 0.057460 -0.000000 0.120404 0.990798 -0.061829 10.499500 -0.049703 0.068221 0.996431 -0.005900 0.000000 0.000000 0.000000 1.000000
0.988499 -0.110670 0.103058 -0.000000 0.116748 0.991642 -0.054916 10.499500 -0.096119 0.066317 0.993158 -0.005900 0.000000 0.000000 0.000000 1.000000
0.985977 -0.101505 0.132464 0.000000 0.108672 0.992917 -0.048027 10.499500 -0.126651 0.061749 0.990024 -0.005900 0.000000 0.000000 0.000000 1.000000
0.985277 -0.090344 0.145147 -0.000000 0.097401 0.994348 -0.042258 10.499500 -0.140509 0.055773 0.988507 -0.005900 0.000000 0.000000 0.000000 1.000000
0.985833 -0.079842 0.147506 0.000000 0.086463 0.995491 -0.039023 10.499500 -0.143725 0.051224 0.988291 -0.005900 0.000000 0.000000 0.000000 1.000000
0.986872 -0.072844 0.144145 0.000000 0.079245 0.996085 -0.039169 10.499500 -0.140727 0.050078 0.988781 -0.005900 0.000000 0.000000 0.000000 1.000000
0.988287 -0.069079 0.136077 -0.000000 0.075471 0.996247 -0.042381 10.499500 -0.132638 0.052155 0.989791 -0.005900 0.000000 0.000000 0.000000 1.000000
0.989914 -0.065921 0.125396 -0.000000 0.072412 0.996223 -0.047926 10.499500 -0.121763 0.056523 0.990948 -0.005900 0.000000 0.000000 0.000000 1.000000
0.991344 -0.061916 0.115773 -0.000000 0.068562 0.996166 -0.054330 10.499500 -0.111965 0.061798 0.991789 -0.005900 0.000000 0.000000 0.000000 1.000000
0.992531 -0.055392 0.108696 0.000000 0.062105 0.996302 -0.059376 10.499500 -0.105005 0.065683 0.992300 -0.005900 0.000000 0.000000 0.000000 1.000000
0.993521 -0.048111 0.102968 0.000000 0.054832 0.996476 -0.063471 10.499500 -0.099551 0.068706 0.992658 -0.005900 0.000000 0.000000 0.000000 1.000000
0.994139 -0.043252 0.099076 0.000000 0.049899 0.996596 -0.065625 10.499500 -0.095901 0.070184 0.992914 -0.005900 0.000000 0.000000 0.000000 1.000000</float_array>
        <technique_common>
          <accessor source="#mixamorig_Spine1-Matrix-animation-output-transform-array" count="32" stride="16">
            <param type="float4x4"/>
          </accessor>
        </technique_common>
      </source>
      <source id="mixamorig_Spine1-Interpolations">
        <Name_array id="mixamorig_Spine1-Interpolations-array" count="32">
 LINEAR LINEAR LINEAR LINEAR LINEAR LINEAR LINEAR LINEAR LINEAR LINEAR LINEAR
LINEAR LINEAR LINEAR LINEAR LINEAR LINEAR LINEAR LINEAR LINEAR LINEAR LINEAR LINEAR
LINEAR LINEAR LINEAR LINEAR LINEAR LINEAR LINEAR LINEAR LINEAR</Name_array>
        <technique_common>
          <accessor source="#mixamorig_Spine1-Interpolations-array" count="32">
            <param type="name"/>
          </accessor>
        </technique_common>
      </source>
      <sampler id="mixamorig_Spine1-Matrix-animation-transform">
        <input semantic="INPUT" source="#mixamorig_Spine1-Matrix-animation-input"/>
        <input semantic="OUTPUT" source="#mixamorig_Spine1-Matrix-animation-output-transform"/>
        <input semantic="INTERPOLATION" source="#mixamorig_Spine1-Interpolations"/>
      </sampler>
      <channel source="#mixamorig_Spine1-Matrix-animation-transform" target="mixamorig_Spine1/matrix"/>
    </animation>
    <animation id="mixamorig_Spine2-anim" name="mixamorig_Spine2">
      <source id="mixamorig_Spine2-Matrix-animation-input">
        <float_array id="mixamorig_Spine2-Matrix-animation-input-array" count="32">

0.000000 0.033333 0.066667 0.100000 0.133333 0.166667 0.200000 0.233333 0.266667 0.300000 0.333333 0.366667 0.400000 0.433333 0.466667 0.500000
0.533333 0.566667 0.600000 0.633333 0.666667 0.700000 0.733333 0.766667 0.800000 0.833333 0.866667 0.900000 0.933333 0.966667 1.000000 1.033333</float_array>
        <technique_common>
          <accessor source="#mixamorig_Spine2-Matrix-animation-input-array" count="32">
            <param name="TIME" type="float"/>
          </accessor>
        </technique_common>
      </source>
      <source id="mixamorig_Spine2-Matrix-animation-output-transform">
        <float_array id="mixamorig_Spine2-Matrix-animation-output-transform-array" count="512">

0.994202 -0.039234 0.100115 0.000000 0.046032 0.996723 -0.066519 11.999500 -0.097177 0.070741 0.992750 -0.006700 0.000000 0.000000 0.000000 1.000000
0.994386 -0.036887 0.099178 -0.000000 0.043408 0.996979 -0.064416 11.999500 -0.096502 0.068359 0.992983 -0.006700 0.000000 0.000000 0.000000 1.000000
0.994693 -0.032581 0.097589 0.000000 0.038637 0.997400 -0.060823 11.999500 -0.095354 0.064271 0.993366 -0.006700 0.000000 0.000000 0.000000 1.000000
0.995173 -0.026700 0.094434 -0.000000 0.032457 0.997673 -0.059958 11.999500 -0.092614 0.062733 0.993724 -0.006700 0.000000 0.000000 0.000000 1.000000
0.995445 -0.021292 0.092934 0.000000 0.027268 0.997608 -0.063520 11.999500 -0.091359 0.065764 0.993644 -0.006700 0.000000 0.000000 0.000000 1.000000
0.995220 -0.016134 0.096311 0.000000 0.023039 0.997208 -0.071028 11.999500 -0.094897 0.072907 0.992814 -0.006700 0.000000 0.000000 0.000000 1.000000
0.994264 -0.010033 0.106484 0.000000 0.018637 0.996611 -0.080118 11.999500 -0.105320 0.081643 0.991081 -0.006700 0.000000 0.000000 0.000000 1.000000
0.992197 -0.001683 0.124667 -0.000000 0.012660 0.996101 -0.087312 11.999500 -0.124034 0.088209 0.988350 -0.006700 0.000000 0.000000 0.000000 1.000000
0.988598 0.008425 0.150345 -0.000000 0.005228 0.995912 -0.090181 11.999500 -0.150490 0.089939 0.984512 -0.006700 0.000000 0.000000 0.000000 1.000000
0.983811 0.016866 0.178413 0.000000 -0.000940 0.996033 -0.088976 11.999500 -0.179206 0.087368 0.979925 -0.006700 0.000000 0.000000 0.000000 1.000000
0.979522 0.021217 0.200218 -0.000000 -0.003989 0.996282 -0.086062 11.999500 -0.201300 0.083501 0.975964 -0.006700 0.000000 0.000000 0.000000 1.000000
0.977523 0.021011 0.209781 -0.000000 -0.003266 0.996412 -0.084577 11.999500 -0.210805 0.081990 0.974084 -0.006700 0.000000 0.000000 0.000000 1.000000
0.978547 0.014457 0.205516 0.000000 0.003350 0.996287 -0.086034 11.999500 -0.205997 0.084877 0.974865 -0.006700 0.000000 0.000000 0.000000 1.000000
0.982983 -0.003631 0.183661 0.000000 0.020233 0.995861 -0.088604 11.999500 -0.182579 0.090812 0.978988 -0.006700 0.000000 0.000000 0.000000 1.000000
0.989933 -0.035835 0.136926 0.000000 0.048412 0.994796 -0.089654 11.999500 -0.133001 0.095380 0.986516 -0.006700 0.000000 0.000000 0.000000 1.000000
0.994911 -0.073977 0.068409 -0.000000 0.079972 0.992771 -0.089504 11.999500 -0.061293 0.094519 0.993634 -0.006700 0.000000 0.000000 0.000000 1.000000
0.994606 -0.103703 0.002099 -0.000000 0.103483 0.990699 -0.088357 11.999500 0.007083 0.088098 0.996087 -0.006700 0.000000 0.000000 0.000000 1.000000
0.992407 -0.118420 -0.033249 -0.000000 0.115294 0.989778 -0.083947 11.999500 0.042850 0.079476 0.995915 -0.006700 0.000000 0.000000 0.000000 1.000000
0.992168 -0.121883 -0.027344 0.000000 0.119487 0.989870 -0.076683 11.999500 0.036413 0.072815 0.996681 -0.006700 0.000000 0.000000 0.000000 1.000000
0.992809 -0.119282 0.010073 0.000000 0.119695 0.990340 -0.070005 11.999500 -0.001626 0.070708 0.997496 -0.006700 0.000000 0.000000 0.000000 1.000000
0.991749 -0.112960 0.060612 -0.000000 0.116868 0.990995 -0.065356 11.999500 -0.052684 0.071901 0.996019 -0.006700 0.000000 0.000000 0.000000 1.000000
0.988890 -0.104033 0.106175 -0.000000 0.110896 0.991964 -0.060909 11.999500 -0.098986 0.072007 0.992480 -0.006700 0.000000 0.000000 0.000000 1.000000
0.986377 -0.093509 0.135335 0.000000 0.101713 0.993292 -0.055013 11.999500 -0.129283 0.068029 0.989271 -0.006700 0.000000 0.000000 0.000000 1.000000
0.985606 -0.082394 0.147620 -0.000000 0.090444 0.994712 -0.048667 11.999500 -0.142830 0.061318 0.987846 -0.006700 0.000000 0.000000 0.000000 1.000000
0.986090 -0.072492 0.149574 -0.000000 0.079944 0.995809 -0.044421 11.999500 -0.145727 0.055761 0.987752 -0.006700 0.000000 0.000000 0.000000 1.000000
0.987100 -0.065991 0.145873 -0.000000 0.073101 0.996357 -0.043928 11.999500 -0.142443 0.054025 0.988328 -0.006700 0.000000 0.000000 0.000000 1.000000
0.988521 -0.062494 0.137550 -0.000000 0.069516 0.996480 -0.046852 11.999500 -0.134138 0.055876 0.989386 -0.006700 0.000000 0.000000 0.000000 1.000000
0.990153 -0.059561 0.126685 0.000000 0.066598 0.996421 -0.052054 11.999500 -0.123131 0.059979 0.990576 -0.006700 0.000000 0.000000 0.000000 1.000000
0.991558 -0.055961 0.116971 -0.000000 0.063041 0.996340 -0.057734 11.999500 -0.113312 0.064620 0.991456 -0.006700 0.000000 0.000000 0.000000 1.000000
0.992690 -0.050029 0.109832 -0.000000 0.057069 0.996448 -0.061916 11.999500 -0.106344 0.067731 0.992020 -0.006700 0.000000 0.000000 0.000000 1.000000
0.993620 -0.043523 0.104045 0.000000 0.050466 0.996604 -0.065059 11.999500 -0.100860 0.069895 0.992442 -0.006700 0.000000 0.000000 0.000000 1.000000
0.994202 -0.039234 0.100115 0.000000 0.046032 0.996723 -0.066519 11.999500 -0.097177 0.070741 0.992750 -0.006700 0.000000 0.000000 0.000000 1.000000</float_array>
        <technique_common>
          <accessor source="#mixamorig_Spine2-Matrix-animation-output-transform-array" count="32" stride="16">
            <param type="float4x4"/>
          </accessor>
        </technique_common>
      </source>
      <source id="mixamorig_Spine2-Interpolations">
        <Name_array id="mixamorig_Spine2-Interpolations-array" count="32">
 LINEAR LINEAR LINEAR LINEAR LINEAR LINEAR LINEAR LINEAR LINEAR LINEAR LINEAR
LINEAR LINEAR LINEAR LINEAR LINEAR LINEAR LINEAR LINEAR LINEAR LINEAR LINEAR LINEAR
LINEAR LINEAR LINEAR LINEAR LINEAR LINEAR LINEAR LINEAR LINEAR</Name_array>
        <technique_common>
          <accessor source="#mixamorig_Spine2-Interpolations-array" count="32">
            <param type="name"/>
          </accessor>
        </technique_common>
      </source>
      <sampler id="mixamorig_Spine2-Matrix-animation-transform">
        <input semantic="INPUT" source="#mixamorig_Spine2-Matrix-animation-input"/>
        <input semantic="OUTPUT" source="#mixamorig_Spine2-Matrix-animation-output-transform"/>
        <input semantic="INTERPOLATION" source="#mixamorig_Spine2-Interpolations"/>
      </sampler>
      <channel source="#mixamorig_Spine2-Matrix-animation-transform" target="mixamorig_Spine2/matrix"/>
    </animation>
    <animation id="mixamorig_RightShoulder-anim" name="mixamorig_RightShoulder">
      <source id="mixamorig_RightShoulder-Matrix-animation-input">
        <float_array id="mixamorig_RightShoulder-Matrix-animation-input-array" count="32">

0.000000 0.033333 0.066667 0.100000 0.133333 0.166667 0.200000 0.233333 0.266667 0.300000 0.333333 0.366667 0.400000 0.433333 0.466667 0.500000
0.533333 0.566667 0.600000 0.633333 0.666667 0.700000 0.733333 0.766667 0.800000 0.833333 0.866667 0.900000 0.933333 0.966667 1.000000 1.033333</float_array>
        <technique_common>
          <accessor source="#mixamorig_RightShoulder-Matrix-animation-input-array" count="32">
            <param name="TIME" type="float"/>
          </accessor>
        </technique_common>
      </source>
      <source id="mixamorig_RightShoulder-Matrix-animation-output-transform">
        <float_array id="mixamorig_RightShoulder-Matrix-animation-output-transform-array" count="512">

0.291896 -0.952108 0.275698 -9.326900 -0.025544 -0.321618 -0.911347 10.805100 0.956109 0.282082 -0.108518 -0.026800 0.000000 0.000000 0.000000 1.000000
0.295131 -0.950722 0.276567 -9.326900 -0.025599 -0.323041 -0.910921 10.805100 0.955114 0.285116 -0.109874 -0.026800 0.000000 0.000000 0.000000 1.000000
0.300657 -0.950217 0.272535 -9.326900 -0.026390 -0.319421 -0.911976 10.805100 0.953367 0.290822 -0.111191 -0.026800 0.000000 0.000000 0.000000 1.000000
0.304596 -0.953820 0.257493 -9.326900 -0.028639 -0.303497 -0.916486 10.805100 0.952051 0.296032 -0.109950 -0.026800 0.000000 0.000000 0.000000 1.000000
0.305427 -0.960086 0.236070 -9.326900 -0.031648 -0.280122 -0.922648 10.805100 0.951689 0.298807 -0.106445 -0.026800 0.000000 0.000000 0.000000 1.000000
0.302981 -0.964957 0.221792 -9.326900 -0.033395 -0.264090 -0.926568 10.805100 0.952411 0.297712 -0.103046 -0.026800 0.000000 0.000000 0.000000 1.000000
0.297963 -0.966065 0.223959 -9.326900 -0.032659 -0.265716 -0.926200 10.805100 0.954018 0.292629 -0.101655 -0.026800 0.000000 0.000000 0.000000 1.000000
0.292714 -0.963931 0.237648 -9.326900 -0.030491 -0.279979 -0.922720 10.805100 0.955714 0.286298 -0.102224 -0.026800 0.000000 0.000000 0.000000 1.000000
0.291780 -0.960584 0.249813 -9.326900 -0.028914 -0.293208 -0.919297 10.805100 0.956048 0.284297 -0.104044 -0.026800 0.000000 0.000000 0.000000 1.000000
0.299706 -0.957110 0.252421 -9.326900 -0.029026 -0.297205 -0.918212 10.805100 0.953590 0.291766 -0.107283 -0.026800 0.000000 0.000000 0.000000 1.000000
0.316439 -0.953051 0.246544 -9.326900 -0.030818 -0.293267 -0.919225 10.805100 0.948112 0.308555 -0.112165 -0.026800 0.000000 0.000000 0.000000 1.000000
0.333712 -0.949062 0.238468 -9.326900 -0.033269 -0.287225 -0.920753 10.805100 0.942088 0.326039 -0.116987 -0.026800 0.000000 0.000000 0.000000 1.000000
0.337196 -0.947986 0.237574 -9.326900 -0.033775 -0.286873 -0.920829 10.805100 0.940828 0.329463 -0.118204 -0.026800 0.000000 0.000000 0.000000 1.000000
0.316679 -0.951052 0.252692 -9.326900 -0.029916 -0.300041 -0.917407 10.805100 0.948061 0.308211 -0.113355 -0.026800 0.000000 0.000000 0.000000 1.000000
0.278497 -0.954735 0.280725 -9.326900 -0.023937 -0.325168 -0.910325 10.805100 0.960139 0.268822 -0.104122 -0.026800 0.000000 0.000000 0.000000 1.000000
0.246846 -0.956540 0.301940 -9.326900 -0.020508 -0.344462 -0.904401 10.805100 0.968838 0.236422 -0.096074 -0.026800 0.000000 0.000000 0.000000 1.000000
0.243753 -0.959007 0.297621 -9.326900 -0.020729 -0.339332 -0.906029 10.805100 0.969616 0.233832 -0.094189 -0.026800 0.000000 0.000000 0.000000 1.000000
0.263897 -0.962096 0.272372 -9.326900 -0.024208 -0.314086 -0.913592 10.805100 0.964247 0.255423 -0.097480 -0.026800 0.000000 0.000000 0.000000 1.000000
0.277901 -0.964694 0.250996 -9.326900 -0.027840 -0.292569 -0.919499 10.805100 0.960206 0.270718 -0.099303 -0.026800 0.000000 0.000000 0.000000 1.000000
0.265636 -0.968386 0.251208 -9.326900 -0.026921 -0.291158 -0.919902 10.805100 0.963698 0.258795 -0.094941 -0.026800 0.000000 0.000000 0.000000 1.000000
0.238564 -0.971437 0.265805 -9.326900 -0.023479 -0.303811 -0.916533 10.805100 0.970843 0.231362 -0.087481 -0.026800 0.000000 0.000000 0.000000 1.000000
0.224032 -0.972028 0.275422 -9.326900 -0.021811 -0.312743 -0.914036 10.805100 0.974338 0.216500 -0.083790 -0.026800 0.000000 0.000000 0.000000 1.000000
0.232881 -0.970848 0.272171 -9.326900 -0.022603 -0.310156 -0.914760 10.805100 0.972243 0.225336 -0.086460 -0.026800 0.000000 0.000000 0.000000 1.000000
0.252402 -0.967989 0.264668 -9.326900 -0.024557 -0.304240 -0.916387 10.805100 0.967311 0.244855 -0.092324 -0.026800 0.000000 0.000000 0.000000 1.000000
0.267204 -0.964059 0.263412 -9.326900 -0.025675 -0.304757 -0.916215 10.805100 0.963298 0.259292 -0.097487 -0.026800 0.000000 0.000000 0.000000 1.000000
0.274596 -0.959968 0.268966 -9.326900 -0.025458 -0.311826 -0.914213 10.805100 0.961223 0.265978 -0.101049 -0.026800 0.000000 0.000000 0.000000 1.000000
0.280021 -0.956031 0.275566 -9.326900 -0.024940 -0.319799 -0.911902 10.805100 0.959670 0.270649 -0.104105 -0.026800 0.000000 0.000000 0.000000 1.000000
0.286412 -0.952628 0.279442 -9.326900 -0.024779 -0.324942 -0.910372 10.805100 0.957786 0.276463 -0.107116 -0.026800 0.000000 0.000000 0.000000 1.000000
0.291555 -0.950624 0.280307 -9.326900 -0.024920 -0.326624 -0.909861 10.805100 0.956230 0.281334 -0.109178 -0.026800 0.000000 0.000000 0.000000 1.000000
0.293098 -0.950548 0.279046 -9.326900 -0.025162 -0.325463 -0.910205 10.805100 0.955751 0.282934 -0.109538 -0.026800 0.000000 0.000000 0.000000 1.000000
0.292007 -0.951723 0.276711 -9.326900 -0.025413 -0.322743 -0.911015 10.805100 0.956079 0.282098 -0.108729 -0.026800 0.000000 0.000000 0.000000 1.000000
0.291896 -0.952108 0.275698 -9.326900 -0.025544 -0.321618 -0.911347 10.805100 0.956109 0.282082 -0.108518 -0.026800 0.000000 0.000000 0.000000 1.000000</float_array>
        <technique_common>
          <accessor source="#mixamorig_RightShoulder-Matrix-animation-output-transform-array" count="32" stride="16">
            <param type="float4x4"/>
          </accessor>
        </technique_common>
      </source>
      <source id="mixamorig_RightShoulder-Interpolations">
        <Name_array id="mixamorig_RightShoulder-Interpolations-array" count="32">
 LINEAR LINEAR LINEAR LINEAR LINEAR LINEAR LINEAR LINEAR LINEAR LINEAR LINEAR
LINEAR LINEAR LINEAR LINEAR LINEAR LINEAR LINEAR LINEAR LINEAR LINEAR LINEAR LINEAR
LINEAR LINEAR LINEAR LINEAR LINEAR LINEAR LINEAR LINEAR LINEAR</Name_array>
        <technique_common>
          <accessor source="#mixamorig_RightShoulder-Interpolations-array" count="32">
            <param type="name"/>
          </accessor>
        </technique_common>
      </source>
      <sampler id="mixamorig_RightShoulder-Matrix-animation-transform">
        <input semantic="INPUT" source="#mixamorig_RightShoulder-Matrix-animation-input"/>
        <input semantic="OUTPUT" source="#mixamorig_RightShoulder-Matrix-animation-output-transform"/>
        <input semantic="INTERPOLATION" source="#mixamorig_RightShoulder-Interpolations"/>
      </sampler>
      <channel source="#mixamorig_RightShoulder-Matrix-animation-transform" target="mixamorig_RightShoulder/matrix"/>
    </animation>
    <animation id="mixamorig_RightArm-anim" name="mixamorig_RightArm">
      <source id="mixamorig_RightArm-Matrix-animation-input">
        <float_array id="mixamorig_RightArm-Matrix-animation-input-array" count="32">

0.000000 0.033333 0.066667 0.100000 0.133333 0.166667 0.200000 0.233333 0.266667 0.300000 0.333333 0.366667 0.400000 0.433333 0.466667 0.500000
0.533333 0.566667 0.600000 0.633333 0.666667 0.700000 0.733333 0.766667 0.800000 0.833333 0.866667 0.900000 0.933333 0.966667 1.000000 1.033333</float_array>
        <technique_common>
          <accessor source="#mixamorig_RightArm-Matrix-animation-input-array" count="32">
            <param name="TIME" type="float"/>
          </accessor>
        </technique_common>
      </source>
      <source id="mixamorig_RightArm-Matrix-animation-output-transform">
        <float_array id="mixamorig_RightArm-Matrix-animation-output-transform-array" count="512">

0.633182 0.784256 0.205184 0.003300 -0.433919 0.588756 -0.613581 18.759199 -0.654957 0.362835 0.698282 -0.038000 0.000000 0.000000 0.000000 1.000000
0.632947 0.784874 0.203923 0.003300 -0.435316 0.588067 -0.613224 18.759199 -0.654105 0.362704 0.699056 -0.038000 0.000000 0.000000 0.000000 1.000000
0.629153 0.787409 0.206575 0.003300 -0.429640 0.583616 -0.620224 18.759199 -0.662489 0.365243 0.690832 -0.038000 0.000000 0.000000 0.000000 1.000000
0.623124 0.790957 0.211999 0.003300 -0.416881 0.575902 -0.633742 18.759199 -0.678180 0.371372 0.674290 -0.038000 0.000000 0.000000 0.000000 1.000000
0.616822 0.793246 0.221461 0.003300 -0.400256 0.570224 -0.647392 18.759199 -0.696099 0.376415 0.655327 -0.038000 0.000000 0.000000 0.000000 1.000000
0.612258 0.792285 0.235214 0.003300 -0.385522 0.572040 -0.654110 18.759199 -0.710210 0.375349 0.642060 -0.038000 0.000000 0.000000 0.000000 1.000000
0.609700 0.788606 0.250678 0.003300 -0.375433 0.580272 -0.653531 18.759199 -0.718964 0.368735 0.636362 -0.038000 0.000000 0.000000 0.000000 1.000000
0.607041 0.786130 0.262495 0.003300 -0.369050 0.586767 -0.652115 18.759199 -0.725307 0.362242 0.632888 -0.038000 0.000000 0.000000 0.000000 1.000000
0.601575 0.790417 0.263414 0.003300 -0.366730 0.581703 -0.656942 18.759199 -0.731635 0.361771 0.626518 -0.038000 0.000000 0.000000 0.000000 1.000000
0.593868 0.803761 0.245938 0.003300 -0.371752 0.559484 -0.669872 18.759199 -0.735474 0.371209 0.617951 -0.038000 0.000000 0.000000 0.000000 1.000000
0.588387 0.821618 0.207024 0.003300 -0.387340 0.522691 -0.685754 18.759199 -0.730712 0.391700 0.612792 -0.038000 0.000000 0.000000 0.000000 1.000000
0.587882 0.836464 0.153296 0.003300 -0.417020 0.483581 -0.693239 18.759199 -0.711522 0.416313 0.619960 -0.038000 0.000000 0.000000 0.000000 1.000000
0.587410 0.846658 0.100655 0.003300 -0.465590 0.459527 -0.678477 18.759199 -0.675284 0.426084 0.650331 -0.038000 0.000000 0.000000 0.000000 1.000000
0.580293 0.856197 0.066951 0.003300 -0.530789 0.461822 -0.632575 18.759199 -0.622884 0.401685 0.707446 -0.038000 0.000000 0.000000 0.000000 1.000000
0.571184 0.863561 0.060725 0.003300 -0.594072 0.486575 -0.563122 18.759199 -0.561208 0.345989 0.774512 -0.038000 0.000000 0.000000 0.000000 1.000000
0.571633 0.862247 0.071120 0.003300 -0.631371 0.517265 -0.501066 18.759199 -0.510066 0.292621 0.822634 -0.038000 0.000000 0.000000 0.000000 1.000000
0.587856 0.849479 0.076106 0.003300 -0.635020 0.542038 -0.475077 18.759199 -0.483944 0.279809 0.840253 -0.038000 0.000000 0.000000 0.000000 1.000000
0.619033 0.825662 0.064587 0.003300 -0.617713 0.561907 -0.476953 18.759199 -0.467922 0.309377 0.840042 -0.038000 0.000000 0.000000 0.000000 1.000000
0.652571 0.798177 0.043105 0.003300 -0.600241 0.578631 -0.480854 18.759199 -0.444700 0.348832 0.838902 -0.038000 0.000000 0.000000 0.000000 1.000000
0.672017 0.780885 0.027287 0.003300 -0.592411 0.588493 -0.479920 18.759199 -0.425194 0.371163 0.840258 -0.038000 0.000000 0.000000 0.000000 1.000000
0.673928 0.778951 0.029425 0.003300 -0.586746 0.588056 -0.486570 18.759199 -0.431176 0.376371 0.835629 -0.038000 0.000000 0.000000 0.000000 1.000000
0.667710 0.783752 0.048078 0.003300 -0.571268 0.580673 -0.509762 18.759199 -0.465041 0.379109 0.818100 -0.038000 0.000000 0.000000 0.000000 1.000000
0.663605 0.785190 0.073537 0.003300 -0.543922 0.574644 -0.541235 18.759199 -0.508325 0.386693 0.791627 -0.038000 0.000000 0.000000 0.000000 1.000000
